	0	 0 
	60	 0 
	120	 0 
	180	 0 
	240	 17 
	300	 0 
	360	 0 
	420	 0 
	480	 0 
	540	 20 
	600	 0 
	660	 0 
	720	 2 
	780	 0 
	840	 17 
	900	 5 
	960	 0 
	1020	 0 
	1080	 0 
	1140	 20 
	1200	 0 
	1260	 0 
	1320	 0 
	1380	 0 
	1440	 23 
	1500	 0 
	1560	 0 
	1620	 0 
	1680	 2 
	1740	 17 
	1800	 2 
	1860	 5 
	1920	 0 
	1980	 2 
	2040	 11 
	2100	 2 
	2160	 8 
	2220	 0 
	2280	 0 
	2340	 2 
	2400	 5 
	2460	 5 
	2520	 0 
	2580	 17 
	2640	 0 
	2700	 0 
	2760	 2 
	2820	 0 
	2880	 8 
	2940	 2 
	3000	 0 
	3060	 8 
	3120	 2 
	3180	 5 
	3240	 8 
	3300	 2 
	3360	 5 
	3420	 0 
	3480	 2 
	3540	 8 
	3600	 8 
	3660	 2 
	3720	 5 
	3780	 5 
	3840	 11 
	3900	 0 
	3960	 0 
	4020	 2 
	4080	 0 
	4140	 5 
	4200	 2 
	4260	 2 
	4320	 2 
	4380	 2 
	4440	 5 
	4500	 0 
	4560	 5 
	4620	 0 
	4680	 0 
	4740	 2 
	4800	 0 
	4860	 0 
	4920	 0 
	4980	 0 
	5040	 0 
	5100	 0 
	5160	 2 
	0	 0 
	60	 8 
	120	 0 
	180	 11 
	240	 0 
	300	 0 
	360	 5 
	420	 0 
	480	 14 
	540	 0 
	600	 0 
	660	 2 
	720	 0 
	780	 14 
	840	 0 
	900	 5 
	960	 2 
	1020	 11 
	1080	 20 
	1140	 2 
	1200	 5 
	1260	 2 
	1320	 2 
	1380	 17 
	1440	 0 
	1500	 0 
	1560	 2 
	1620	 2 
	1680	 20 
	1740	 2 
	1800	 2 
	1860	 2 
	1920	 2 
	1980	 20 
	2040	 8 
	2100	 0 
	2160	 0 
	2220	 0 
	2280	 23 
	2340	 0 
	2400	 2 
	2460	 0 
	2520	 0 
	2580	 14 
	2640	 0 
	2700	 0 
	2760	 2 
	2820	 2 
	2880	 8 
	2940	 2 
	3000	 5 
	3060	 0 
	3120	 2 
	3180	 14 
	3240	 2 
	3300	 11 
	3360	 2 
	3420	 5 
	3480	 5 
	3540	 5 
	3600	 11 
	3660	 5 
	3720	 2 
	3780	 5 
	3840	 0 
	0	 5 
	1	 0 
	3	 0 
	4	 17 
	6	 2 
	8	 11 
	9	 0 
	11	 90 
	13	 2 
	14	 0 
	16	 14 
	17	 0 
	19	 0 
	21	 2 
	22	 2 
	24	 14 
	26	 0 
	27	 2 
	29	 2 
	30	 2 
	32	 17 
	34	 2 
	35	 211 
	37	 2 
	39	 0 
	40	 26 
	42	 2 
	43	 2 
	45	 2 
	47	 2 
	48	 20 
	50	 0 
	52	 2 
	53	 2 
	55	 2 
	56	 17 
	58	 2 
	60	 2 
	61	 0 
	63	 0 
	65	 17 
	66	 0 
	68	 8 
	69	 5 
	71	 0 
	73	 11 
	74	 2 
	76	 8 
	78	 5 
	79	 0 
	81	 35 
	82	 0 
	84	 11 
	86	 5 
	87	 5 
	89	 2 
	91	 2 
	92	 14 
	94	 5 
	95	 5 
	97	 5 
	99	 2 
	100	 5 
	102	 2 
	104	 2 
	0	 8 
	1	 0 
	3	 0 
	4	 0 
	6	 0 
	8	 14 
	9	 5 
	11	 5 
	13	 0 
	14	 2 
	16	 8 
	17	 2 
	19	 5 
	21	 2 
	22	 0 
	24	 26 
	26	 0 
	27	 8 
	29	 0 
	30	 0 
	32	 2 
	34	 49 
	35	 14 
	37	 2 
	39	 2 
	40	 2 
	42	 2 
	43	 14 
	45	 0 
	47	 2 
	48	 0 
	50	 2 
	52	 14 
	53	 2 
	55	 0 
	56	 0 
	58	 2 
	60	 11 
	61	 0 
	63	 0 
	65	 0 
	66	 2 
	68	 17 
	69	 0 
	71	 5 
	73	 5 
	74	 2 
	76	 20 
	78	 0 
	79	 0 
	81	 5 
	82	 0 
	84	 23 
	86	 0 
	87	 2 
	89	 8 
	91	 2 
	92	 23 
	94	 5 
	95	 0 
	97	 0 
	99	 2 
	100	 14 
	102	 0 
	104	 11 
	0	 0 
	1	 2 
	2	 2 
	4	 0 
	5	 17 
	7	 2 
	8	 2 
	10	 0 
	11	 0 
	13	 14 
	14	 2 
	15	 0 
	17	 0 
	18	 0 
	20	 5 
	21	 0 
	23	 0 
	24	 2 
	26	 0 
	27	 11 
	28	 0 
	30	 2 
	31	 0 
	33	 2 
	34	 17 
	36	 2 
	37	 2 
	39	 0 
	40	 2 
	41	 8 
	43	 2 
	44	 0 
	46	 2 
	47	 0 
	49	 8 
	50	 0 
	52	 0 
	53	 2 
	54	 0 
	56	 8 
	57	 2 
	59	 0 
	60	 0 
	62	 2 
	63	 11 
	65	 0 
	66	 0 
	67	 0 
	69	 2 
	70	 17 
	72	 2 
	73	 2 
	75	 2 
	76	 5 
	78	 20 
	79	 2 
	80	 5 
	82	 8 
	0	 0 
	1	 26 
	2	 0 
	4	 5 
	5	 0 
	7	 0 
	8	 20 
	10	 5 
	11	 8 
	13	 2 
	14	 0 
	15	 0 
	17	 14 
	18	 11 
	20	 2 
	21	 0 
	23	 0 
	24	 0 
	26	 17 
	27	 2 
	28	 2 
	30	 2 
	31	 0 
	33	 5 
	34	 0 
	36	 2 
	37	 0 
	39	 2 
	40	 14 
	41	 0 
	43	 0 
	44	 2 
	46	 0 
	47	 14 
	49	 0 
	50	 0 
	52	 0 
	53	 0 
	54	 14 
	56	 2 
	57	 2 
	59	 29 
	60	 0 
	62	 26 
	63	 2 
	65	 0 
	66	 0 
	67	 0 
	69	 14 
	70	 0 
	72	 5 
	73	 2 
	75	 11 
	76	 199 
	78	 2 
	79	 11 
	80	 5 
	82	 0 
	0	 0 
	1	 26 
	2	 2 
	4	 0 
	5	 0 
	7	 2 
	8	 199 
	10	 0 
	11	 0 
	13	 0 
	14	 0 
	15	 55 
	17	 0 
	18	 11 
	20	 0 
	21	 0 
	23	 0 
	24	 0 
	26	 14 
	27	 2 
	28	 2 
	30	 0 
	31	 0 
	33	 5 
	34	 0 
	36	 2 
	37	 2 
	39	 0 
	40	 5 
	41	 0 
	43	 0 
	44	 2 
	46	 2 
	47	 5 
	49	 2 
	50	 0 
	52	 2 
	53	 0 
	54	 14 
	56	 2 
	57	 2 
	59	 0 
	60	 0 
	62	 8 
	63	 0 
	65	 0 
	66	 2 
	67	 8 
	69	 5 
	70	 0 
	72	 2 
	73	 2 
	75	 5 
	76	 17 
	78	 0 
	79	 2 
	80	 0 
	82	 5 
	0	 0 
	1	 0 
	2	 0 
	4	 26 
	5	 0 
	7	 0 
	8	 0 
	10	 0 
	11	 26 
	13	 0 
	14	 2 
	15	 2 
	17	 2 
	18	 17 
	20	 2 
	21	 2 
	23	 17 
	24	 2 
	26	 8 
	27	 0 
	28	 5 
	30	 2 
	31	 2 
	33	 11 
	34	 0 
	36	 0 
	37	 0 
	39	 0 
	40	 8 
	41	 2 
	43	 5 
	44	 2 
	46	 2 
	47	 5 
	49	 8 
	50	 0 
	52	 0 
	53	 2 
	54	 8 
	56	 2 
	57	 5 
	59	 2 
	60	 29 
	62	 5 
	63	 2 
	65	 8 
	66	 0 
	67	 2 
	69	 0 
	70	 2 
	72	 17 
	73	 5 
	75	 2 
	76	 5 
	78	 2 
	79	 11 
	80	 5 
	82	 0 
	0	 0 
	1	 11 
	2	 0 
	4	 17 
	5	 0 
	7	 0 
	8	 0 
	10	 0 
	11	 14 
	13	 11 
	14	 0 
	15	 0 
	17	 5 
	18	 17 
	20	 0 
	21	 0 
	23	 0 
	24	 5 
	26	 20 
	27	 0 
	28	 0 
	30	 2 
	31	 2 
	33	 11 
	34	 0 
	36	 2 
	37	 0 
	39	 2 
	40	 17 
	41	 2 
	43	 0 
	44	 0 
	46	 5 
	47	 11 
	49	 0 
	50	 8 
	52	 0 
	53	 0 
	54	 11 
	56	 5 
	57	 2 
	59	 0 
	60	 2 
	62	 0 
	63	 2 
	65	 11 
	66	 5 
	67	 2 
	69	 2 
	70	 0 
	72	 2 
	73	 0 
	75	 2 
	76	 2 
	78	 2 
	79	 14 
	80	 5 
	82	 0 
	0	 0 
	1	 0 
	2	 0 
	4	 0 
	5	 26 
	7	 0 
	8	 2 
	10	 0 
	11	 0 
	13	 8 
	14	 0 
	15	 0 
	17	 0 
	18	 0 
	20	 0 
	21	 0 
	23	 0 
	24	 2 
	26	 0 
	27	 0 
	29	 14 
	30	 2 
	31	 0 
	33	 0 
	34	 0 
	36	 8 
	37	 2 
	39	 0 
	40	 0 
	42	 5 
	43	 0 
	44	 11 
	46	 0 
	47	 0 
	49	 0 
	50	 0 
	52	 14 
	53	 0 
	55	 0 
	56	 0 
	58	 0 
	59	 17 
	60	 0 
	62	 0 
	63	 0 
	65	 0 
	66	 14 
	68	 2 
	69	 0 
	71	 5 
	72	 5 
	73	 11 
	75	 1357 
	76	 26 
	78	 0 
	79	 0 
	81	 2 
	82	 0 
