34.02  127 
34.02  136 
34.02  73 
34.02  53 
34.02  127 
34.02  136 
34.02  127 
34.02  127 
34.02  136 
34.02  127 
34.02  127 
34.02  136 
34.02  122 
34.02  127 
34.02  131 
34.02  122 
34.02  127 
34.02  131 
34.02  122 
34.02  127 
34.02  127 
34.02  117 
34.02  127 
34.02  127 
34.02  122 
34.02  131 
34.02  122 
34.02  122 
34.02  131 
34.02  127 
34.02  127 
34.02  136 
34.02  127 
34.02  127 
34.02  136 
34.02  122 
34.02  127 
34.02  131 
34.02  122 
34.02  127 
34.02  131 
34.02  122 
34.02  131 
34.02  131 
34.02  122 
34.02  131 
34.02  131 
34.02  127 
34.02  136 
34.02  131 
34.02  127 
34.02  136 
34.02  131 
34.02  127 
34.02  141 
34.02  131 
34.02  131 
34.02  136 
34.02  131 
34.02  131 
34.02  136 
34.02  127 
34.02  127 
34.02  131 
34.02  122 
34.02  127 
34.02  131 
34.02  122 
34.02  127 
34.02  127 
34.02  122 
34.02  127 
34.02  127 
34.02  122 
34.02  127 
34.02  127 
34.02  122 
34.02  127 
34.02  127 
34.02  117 
34.02  127 
34.02  122 
34.02  117 
34.02  127 
34.02  122 
34.02  122 
34.02  127 
34.02  122 
34.02  122 
34.02  127 
34.02  117 
34.02  122 
34.02  127 
34.02  117 
34.02  122 
34.02  127 
34.02  117 
34.02  122 
34.02  127 
34.02  117 
34.02  122 
34.02  122 
34.02  117 
34.02  127 
34.02  122 
34.02  117 
34.02  127 
34.02  122 
34.02  117 
34.02  127 
