	0	 680 
	60	 680 
	120	 680 
	180	 680 
	240	 2 
	300	 20 
	360	 2 
	420	 2 
	480	 8 
	540	 2 
	600	 5 
	660	 2 
	720	 2 
	780	 14 
	840	 2 
	900	 2 
	960	 5 
	1020	 2 
	1080	 5 
	1140	 2 
	1200	 2 
	1260	 14 
	1320	 2 
	1380	 2 
	1440	 2 
	1500	 2 
	1560	 11 
	1620	 2 
	1680	 2 
	1740	 14 
	1800	 2 
	1860	 2 
	1920	 2 
	1980	 2 
	2040	 8 
	2100	 2 
	2160	 2 
	2220	 11 
	2280	 2 
	2340	 2 
	2400	 2 
	2460	 2 
	2520	 11 
	2580	 2 
	2640	 2 
	2700	 8 
	2760	 2 
	2820	 2 
	2880	 2 
	2940	 2 
	3000	 11 
	3060	 2 
	3120	 2 
	3180	 8 
	3240	 2 
	3300	 2 
	3360	 2 
	3420	 2 
	3480	 17 
	3540	 2 
	3600	 2 
	3660	 8 
	3720	 2 
	3780	 2 
	3840	 2 
	3900	 2 
	3960	 17 
	4020	 2 
	4080	 2 
	4140	 5 
	4200	 2 
	4260	 2 
	4320	 2 
	4380	 2 
	4440	 14 
	4500	 2 
	4560	 2 
	4620	 5 
	4680	 2 
	4740	 2 
	4800	 2 
	4860	 2 
	4920	 11 
	4980	 2 
	5040	 2 
	5100	 2 
	5160	 2 
	5220	 0 
	5280	 2 
	5340	 2 
	5400	 11 
	5460	 2 
	5520	 2 
	5580	 0 
	5640	 2 
	5700	 5 
	5760	 2 
	5820	 2 
	5880	 8 
	5940	 2 
	6000	 2 
	6060	 2 
	6120	 2 
	6180	 14 
	6240	 2 
	6300	 2 
	6360	 8 
	6420	 2 
	6480	 2 
	6540	 2 
	6600	 2 
	6660	 14 
	6720	 2 
	6780	 2 
	6840	 5 
	6900	 2 
	6960	 2 
	7020	 2 
	7080	 2 
	7140	 14 
	7200	 2 
	7260	 2 
	7320	 5 
	7380	 2 
	7440	 2 
	7500	 2 
	7560	 2 
	7620	 11 
	7680	 2 
	7740	 2 
	7800	 2 
	7860	 2 
	7920	 2 
	7980	 2 
	8040	 2 
	8100	 11 
	8160	 2 
	8220	 2 
	8280	 2 
	8340	 49 
	8400	 260 
	8460	 187 
	8520	 190 
	8580	 173 
	8640	 190 
	8700	 117 
	8760	 90 
	8820	 96 
	8880	 208 
	8940	 2 
	9000	 2 
	9060	 2 
	9120	 11 
	9180	 2 
	9240	 2 
	9300	 0 
	9360	 2 
	9420	 2 
	9480	 2 
	9540	 2 
	9600	 8 
	9660	 2 
	9720	 2 
	9780	 0 
	9840	 2 
	9900	 11 
	9960	 2 
	10020	 2 
	10080	 8 
	10140	 0 
	10200	 2 
	10260	 2 
	10320	 2 
	10380	 17 
	10440	 2 
	10500	 2 
	10560	 5 
	10620	 2 
	10680	 2 
	10740	 0 
	10800	 2 
	10860	 14 
	10920	 0 
	10980	 0 
	11040	 5 
	11100	 2 
	11160	 0 
	11220	 2 
	11280	 2 
	11340	 11 
	11400	 2 
	11460	 105 
	11520	 158 
	11580	 340 
	11640	 530 
	11700	 161 
	11760	 390 
	11820	 173 
	11880	 202 
	11940	 2 
	12000	 2 
	12060	 2 
	12120	 2 
	12180	 2 
	12240	 2 
	12300	 2 
	12360	 8 
	12420	 2 
	12480	 2 
	12540	 0 
	12600	 2 
	12660	 11 
	12720	 2 
	12780	 2 
	12840	 8 
	12900	 2 
	12960	 2 
	13020	 2 
	13080	 2 
	13140	 14 
	13200	 2 
	13260	 2 
	13320	 5 
	13380	 2 
	13440	 2 
	13500	 2 
	13560	 2 
	13620	 14 
	13680	 2 
	13740	 2 
	13800	 5 
	13860	 2 
	13920	 2 
	13980	 2 
	14040	 2 
	14100	 11 
	14160	 2 
	14220	 2 
	14280	 5 
	14340	 2 
	14400	 2 
	14460	 2 
	14520	 2 
	14580	 11 
	14640	 2 
	14700	 2 
	14760	 5 
	14820	 2 
	14880	 2 
	14940	 0 
	15000	 2 
	15060	 11 
	15120	 2 
	15180	 2 
	15240	 2 
	15300	 2 
	15360	 2 
	15420	 2 
	15480	 2 
	15540	 8 
	15600	 2 
	15660	 2 
	15720	 0 
	15780	 2 
	15840	 8 
	15900	 2 
	15960	 2 
	16020	 8 
	16080	 2 
	16140	 2 
	16200	 2 
	16260	 2 
	16320	 14 
	16380	 2 
	16440	 2 
	16500	 5 
	16560	 0 
	16620	 2 
	16680	 2 
	16740	 2 
	16800	 11 
	16860	 2 
	16920	 82 
	16980	 61 
	17040	 143 
	17100	 260 
	17160	 451 
	17220	 431 
	17280	 510 
	17340	 346 
	17400	 334 
	17460	 190 
	17520	 8 
	17580	 0 
	17640	 2 
	17700	 2 
	17760	 2 
	17820	 14 
	17880	 2 
	17940	 2 
	18000	 5 
	18060	 2 
	18120	 2 
	18180	 0 
	18240	 2 
	18300	 11 
	18360	 2 
	18420	 0 
	18480	 5 
	18540	 0 
	18600	 2 
	18660	 2 
	18720	 2 
	18780	 17 
	18840	 2 
	18900	 2 
	18960	 8 
	19020	 0 
	19080	 2 
	19140	 2 
	19200	 2 
	19260	 20 
	19320	 2 
	19380	 2 
	19440	 5 
	19500	 2 
	19560	 2 
	19620	 2 
	19680	 2 
	19740	 11 
	19800	 2 
	19860	 2 
	19920	 2 
	19980	 0 
	20040	 5 
	20100	 2 
	20160	 2 
	20220	 11 
	20280	 2 
	20340	 2 
	20400	 0 
	20460	 2 
	20520	 5 
	20580	 2 
	20640	 2 
	20700	 8 
	20760	 0 
	20820	 2 
	20880	 0 
	20940	 2 
	21000	 11 
	21060	 2 
	21120	 2 
	21180	 8 
	21240	 2 
	21300	 2 
	21360	 2 
	21420	 2 
	21480	 14 
	21540	 2 
	21600	 2 
	21660	 5 
	21720	 2 
	21780	 2 
	21840	 2 
	21900	 0 
	21960	 14 
	22020	 2 
	22080	 2 
	22140	 5 
	22200	 2 
	22260	 2 
	22320	 2 
	22380	 2 
	22440	 11 
	22500	 2 
	22560	 2 
	22620	 5 
	22680	 2 
	22740	 2 
	22800	 2 
	22860	 2 
	22920	 11 
	22980	 2 
	23040	 2 
	23100	 2 
	23160	 2 
	23220	 2 
	23280	 0 
	23340	 2 
	23400	 8 
	23460	 0 
	23520	 2 
	23580	 2 
	23640	 2 
	23700	 2 
	23760	 2 
	23820	 2 
	23880	 8 
	23940	 2 
	24000	 2 
	24060	 0 
	24120	 2 
	24180	 11 
	24240	 2 
	24300	 2 
	24360	 8 
	24420	 2 
	24480	 2 
	24540	 2 
	24600	 2 
	24660	 17 
	24720	 2 
	24780	 2 
	24840	 5 
	24900	 2 
	24960	 2 
	25020	 2 
	25080	 2 
	25140	 14 
	25200	 2 
	25260	 2 
	25320	 5 
	25380	 2 
	25440	 2 
	25500	 2 
	25560	 2 
	25620	 11 
	25680	 2 
	25740	 2 
	25800	 2 
	25860	 2 
	25920	 0 
	25980	 2 
	26040	 2 
	26100	 8 
	26160	 0 
	26220	 2 
	26280	 0 
	26340	 2 
	26400	 8 
	26460	 2 
	26520	 2 
	26580	 8 
	26640	 2 
	26700	 2 
	26760	 2 
	26820	 2 
	26880	 14 
	26940	 2 
	27000	 2 
	27060	 8 
	27120	 0 
	27180	 2 
	27240	 2 
	27300	 2 
	27360	 14 
	27420	 2 
	27480	 2 
	27540	 5 
	27600	 2 
	27660	 2 
	27720	 2 
	27780	 2 
	27840	 14 
	27900	 2 
	27960	 2 
	28020	 5 
	28080	 2 
	28140	 2 
	28200	 2 
	28260	 2 
	28320	 11 
	28380	 0 
	28440	 2 
	28500	 5 
	28560	 2 
	28620	 2 
	28680	 2 
	28740	 2 
	28800	 11 
	28860	 0 
	28920	 2 
	28980	 2 
	29040	 2 
	29100	 2 
	29160	 2 
	29220	 2 
	29280	 8 
	29340	 2 
	29400	 0 
	29460	 0 
	29520	 2 
	29580	 5 
	29640	 0 
	29700	 2 
	29760	 8 
	29820	 2 
	29880	 2 
	29940	 2 
	30000	 2 
	30060	 17 
	30120	 2 
	30180	 0 
	30240	 8 
	30300	 2 
	30360	 2 
	30420	 2 
	30480	 2 
	30540	 14 
	30600	 0 
	30660	 2 
	30720	 5 
	30780	 2 
	30840	 2 
	30900	 2 
	30960	 0 
	31020	 11 
	31080	 2 
	31140	 2 
	31200	 5 
	31260	 2 
	31320	 2 
	31380	 2 
	31440	 2 
	31500	 11 
	31560	 2 
	31620	 2 
	31680	 2 
	31740	 0 
	31800	 2 
	31860	 2 
	31920	 2 
	31980	 11 
	32040	 2 
	32100	 2 
	32160	 2 
	32220	 2 
	32280	 2 
	32340	 2 
	32400	 2 
	32460	 11 
	32520	 2 
	32580	 2 
	32640	 0 
	32700	 0 
	32760	 2 
	32820	 2 
	32880	 2 
	32940	 8 
	33000	 2 
	33060	 2 
	33120	 0 
	33180	 2 
	33240	 14 
	33300	 2 
	33360	 2 
	33420	 8 
	33480	 2 
	33540	 2 
	33600	 0 
	33660	 2 
	33720	 17 
	33780	 2 
	33840	 2 
	33900	 5 
	33960	 2 
	34020	 2 
	34080	 2 
	34140	 2 
	34200	 11 
	34260	 2 
	34320	 2 
	34380	 5 
	34440	 2 
	34500	 2 
	34560	 2 
	34620	 2 
	34680	 11 
	34740	 2 
	34800	 2 
	34860	 2 
	34920	 2 
	34980	 2 
	35040	 2 
	35100	 2 
	35160	 11 
	35220	 2 
	35280	 2 
	35340	 2 
	35400	 2 
	35460	 2 
	35520	 0 
	35580	 2 
	35640	 8 
	35700	 2 
	35760	 2 
	35820	 0 
	35880	 2 
	35940	 11 
	36000	 2 
	36060	 2 
	36120	 8 
	36180	 2 
	36240	 2 
	36300	 2 
	36360	 2 
	36420	 41 
	36480	 2 
	36540	 2 
	36600	 8 
	36660	 2 
	36720	 2 
	36780	 2 
	36840	 2 
	36900	 17 
	36960	 2 
	37020	 2 
	37080	 8 
	37140	 2 
	37200	 2 
	37260	 2 
	37320	 2 
	37380	 14 
	37440	 2 
	37500	 2 
	37560	 5 
	37620	 2 
	37680	 2 
	37740	 2 
	37800	 2 
	37860	 11 
	37920	 2 
	37980	 2 
	38040	 2 
	38100	 2 
	38160	 2 
	38220	 2 
	38280	 2 
	38340	 8 
	38400	 2 
	38460	 2 
	38520	 0 
	38580	 2 
	38640	 11 
	38700	 2 
	38760	 2 
	38820	 8 
	38880	 2 
	38940	 2 
	39000	 2 
	39060	 2 
	39120	 14 
	39180	 2 
	39240	 2 
	39300	 5 
	39360	 2 
	39420	 2 
	39480	 2 
	39540	 0 
	39600	 14 
	39660	 2 
	39720	 2 
	39780	 5 
	39840	 2 
	39900	 2 
	39960	 2 
	40020	 2 
	40080	 11 
	40140	 2 
	40200	 2 
	40260	 5 
	40320	 2 
	40380	 2 
	40440	 0 
	40500	 2 
	40560	 17 
	40620	 2 
	40680	 2 
	40740	 5 
	40800	 2 
	40860	 0 
	40920	 2 
	40980	 2 
	41040	 11 
	41100	 2 
	41160	 0 
	41220	 5 
	41280	 2 
	41340	 2 
	41400	 2 
	41460	 2 
	41520	 8 
	41580	 2 
	41640	 2 
	41700	 2 
	41760	 2 
	41820	 5 
	41880	 2 
	41940	 2 
	42000	 11 
	42060	 0 
	42120	 2 
	42180	 0 
	42240	 2 
	42300	 8 
	42360	 2 
	42420	 2 
	42480	 5 
	42540	 2 
	42600	 2 
	42660	 2 
	42720	 2 
	42780	 82 
	42840	 2 
	42900	 2 
	42960	 5 
	43020	 0 
	43080	 0 
	43140	 2 
	43200	 2 
	43260	 20 
	43320	 2 
	43380	 2 
	43440	 5 
	43500	 0 
	43560	 2 
	43620	 0 
	43680	 2 
	43740	 11 
	43800	 2 
	43860	 2 
	43920	 5 
	43980	 0 
	44040	 2 
	44100	 0 
	44160	 2 
	44220	 0 
	44280	 8 
	44340	 8 
	44400	 11 
	44460	 11 
	44520	 11 
	44580	 8 
	44640	 2 
	44700	 14 
	44760	 2 
	44820	 2 
	44880	 8 
	44940	 2 
	45000	 2 
	45060	 2 
	45120	 2 
	45180	 17 
	45240	 2 
	45300	 2 
	45360	 5 
	45420	 0 
	45480	 0 
	45540	 0 
	45600	 2 
	45660	 14 
	45720	 0 
	45780	 0 
	45840	 5 
	45900	 2 
	45960	 2 
	46020	 2 
	46080	 2 
	46140	 8 
	46200	 2 
	46260	 2 
	46320	 2 
	46380	 2 
	46440	 2 
	46500	 2 
	46560	 2 
	46620	 5 
	46680	 2 
	46740	 2 
	46800	 2 
	46860	 2 
	46920	 11 
	46980	 2 
	47040	 2 
	47100	 11 
	47160	 5 
	47220	 5 
	47280	 2 
	47340	 5 
	47400	 17 
	47460	 5 
	47520	 5 
	47580	 11 
	47640	 5 
	47700	 2 
	47760	 2 
	47820	 5 
	47880	 14 
	47940	 5 
	48000	 2 
	48060	 11 
	48120	 2 
	48180	 2 
	48240	 0 
	48300	 2 
	48360	 8 
	48420	 5 
	48480	 5 
	48540	 8 
	48600	 2 
	48660	 2 
	48720	 2 
	48780	 2 
	48840	 17 
	48900	 2 
	48960	 2 
	49020	 5 
	49080	 2 
	49140	 2 
	49200	 2 
	49260	 2 
	49320	 14 
	49380	 0 
	49440	 2 
	49500	 5 
	49560	 0 
	49620	 2 
	49680	 2 
	49740	 0 
	49800	 20 
	49860	 0 
	49920	 2 
	49980	 0 
	50040	 2 
	50100	 0 
	50160	 2 
	50220	 0 
	50280	 8 
	50340	 0 
	50400	 2 
	50460	 2 
	50520	 2 
	50580	 2 
	50640	 0 
	50700	 0 
	50760	 0 
	50820	 2 
	50880	 2 
	50940	 0 
	51000	 0 
	51060	 5 
	51120	 2 
	51180	 2 
	51240	 0 
	51300	 2 
	51360	 2 
	51420	 0 
	51480	 2 
	51540	 23 
	51600	 2 
	51660	 0 
	51720	 0 
	51780	 2 
	51840	 2 
	51900	 0 
	51960	 0 
	52020	 8 
	52080	 2 
	52140	 0 
	52200	 2 
	52260	 2 
	52320	 2 
	52380	 0 
	52440	 0 
	52500	 93 
	52560	 0 
	52620	 2 
	52680	 0 
	52740	 2 
	52800	 2 
	52860	 2 
	52920	 0 
	52980	 90 
	53040	 2 
	53100	 2 
	53160	 0 
	53220	 0 
	53280	 2 
	53340	 0 
	53400	 0 
	53460	 137 
	53520	 2 
	53580	 2 
	53640	 0 
	53700	 0 
	53760	 2 
	53820	 0 
	53880	 2 
	53940	 73 
	54000	 0 
	54060	 0 
	54120	 0 
	54180	 2 
	54240	 0 
	54300	 0 
	54360	 0 
	54420	 5 
	54480	 0 
	54540	 2 
	54600	 0 
	54660	 0 
	54720	 2 
	54780	 0 
	54840	 0 
	54900	 93 
	54960	 2 
	55020	 2 
	55080	 0 
	55140	 0 
	55200	 2 
	55260	 0 
	55320	 2 
	55380	 73 
	55440	 2 
	55500	 0 
	55560	 0 
	55620	 2 
	55680	 2 
	55740	 0 
	55800	 2 
	55860	 41 
	55920	 0 
	55980	 0 
	56040	 0 
	56100	 2 
	56160	 2 
	56220	 0 
	56280	 0 
	56340	 0 
	56400	 0 
	56460	 0 
	56520	 0 
	56580	 0 
	56640	 2 
	56700	 0 
	56760	 2 
	56820	 105 
	56880	 2 
	56940	 2 
	57000	 0 
	57060	 2 
	57120	 2 
	57180	 0 
	57240	 2 
	57300	 0 
	57360	 2 
	57420	 2 
	57480	 0 
	57540	 2 
	57600	 2 
	57660	 0 
	57720	 2 
	57780	 90 
	57840	 2 
	57900	 2 
	57960	 0 
	58020	 2 
	58080	 2 
	58140	 2 
	58200	 2 
	58260	 8 
	58320	 2 
	58380	 2 
	58440	 2 
	58500	 2 
	58560	 5 
	58620	 2 
	58680	 2 
	58740	 0 
	58800	 2 
	58860	 2 
	58920	 0 
	58980	 2 
	59040	 5 
	59100	 0 
	59160	 2 
	59220	 0 
	59280	 2 
	59340	 2 
	59400	 0 
	59460	 2 
	59520	 5 
	59580	 2 
	59640	 2 
	59700	 0 
	59760	 2 
	59820	 2 
	59880	 2 
	59940	 2 
