	0	 1651 
	60	 1648 
	120	 1642 
	180	 1636 
	240	 1630 
	300	 1624 
	360	 1618 
	420	 1615 
	480	 1609 
	540	 1604 
	600	 1598 
	660	 1595 
	720	 1592 
	780	 1589 
	840	 1583 
	900	 1580 
	960	 1577 
	1020	 1574 
	1080	 1568 
	1140	 1565 
	1200	 1563 
	1260	 1560 
	1320	 1557 
	1380	 1554 
	1440	 1551 
	1500	 1551 
	1560	 1548 
	1620	 1545 
	1680	 1542 
	1740	 1539 
	1800	 1536 
	1860	 1536 
	1920	 1533 
	1980	 1530 
	2040	 1530 
	2100	 1527 
	2160	 1524 
	2220	 1524 
	2280	 1521 
	2340	 1521 
	2400	 1519 
	2460	 1516 
	2520	 1516 
	2580	 1513 
	2640	 1513 
	2700	 1510 
	2760	 1507 
	2820	 1507 
	2880	 1507 
	2940	 1504 
	3000	 1504 
	3060	 1501 
	3120	 1501 
	3180	 1498 
	3240	 1498 
	3300	 1495 
	3360	 1492 
	3420	 1492 
	3480	 1492 
	3540	 1489 
	3600	 1489 
	3660	 1486 
	3720	 1486 
	3780	 1483 
	3840	 1483 
	3900	 1483 
	3960	 1483 
	4020	 1480 
	4080	 1480 
	4140	 1480 
	4200	 1478 
	4260	 1478 
	4320	 1478 
	4380	 1475 
	4440	 1475 
	4500	 1475 
	4560	 1475 
	4620	 1472 
	4680	 1472 
	4740	 1472 
	4800	 1469 
	4860	 1469 
	4920	 1469 
	4980	 1469 
	5040	 1466 
	5100	 1466 
	5160	 1466 
	5220	 1466 
	5280	 1463 
	5340	 1463 
	5400	 1463 
	5460	 1460 
	5520	 1460 
	5580	 1460 
	5640	 1460 
	5700	 1460 
	5760	 1460 
	5820	 1457 
	5880	 1457 
	5940	 1457 
	6000	 1457 
	6060	 1457 
	6120	 1454 
	6180	 1454 
	6240	 1454 
	6300	 1454 
	6360	 1454 
	6420	 1454 
	6480	 1454 
	6540	 1451 
	6600	 1451 
	6660	 1451 
	6720	 1451 
	6780	 1448 
	6840	 1448 
	6900	 1448 
	6960	 1448 
	7020	 1448 
	7080	 1448 
	7140	 1448 
	7200	 1445 
	7260	 1448 
	7320	 1445 
	7380	 1445 
	7440	 1445 
	7500	 1445 
	7560	 1445 
	7620	 1445 
	7680	 1445 
	7740	 1445 
	7800	 1445 
	7860	 1445 
	7920	 1442 
	7980	 1442 
	8040	 1442 
	8100	 1442 
	8160	 1442 
	8220	 1442 
	8280	 1439 
	8340	 1439 
	8400	 1439 
	8460	 1439 
	8520	 1439 
	8580	 1439 
	8640	 1439 
	8700	 1439 
	8760	 1439 
	8820	 1439 
	8880	 1439 
	8940	 1439 
	9000	 1439 
	9060	 1439 
	9120	 1439 
	9180	 1439 
	9240	 1439 
	9300	 1439 
	9360	 1436 
	9420	 1439 
	9480	 1436 
	9540	 1436 
	9600	 1436 
	9660	 1436 
	9720	 1436 
	9780	 1436 
	9840	 1436 
	9900	 1434 
	9960	 1434 
	10020	 1434 
	10080	 1434 
	10140	 1434 
	10200	 1434 
	10260	 1434 
	10320	 1434 
	10380	 1434 
	10440	 1434 
	10500	 1434 
	10560	 1434 
	10620	 1434 
	10680	 1434 
	10740	 1434 
	10800	 1434 
	10860	 1434 
	10920	 1434 
	10980	 1434 
	11040	 1434 
	11100	 1434 
	11160	 1431 
	11220	 1431 
	11280	 1431 
	11340	 1431 
	11400	 1431 
	11460	 1431 
	11520	 1431 
	11580	 1431 
	11640	 1431 
	11700	 1431 
	11760	 1431 
	11820	 1431 
	11880	 1431 
	11940	 1431 
	12000	 1431 
	12060	 1431 
	12120	 1431 
	12180	 1431 
	12240	 1431 
	12300	 1431 
	12360	 1431 
	12420	 1431 
	12480	 1431 
	12540	 1431 
	12600	 1428 
	12660	 1431 
	12720	 1431 
	12780	 1431 
	12840	 1431 
	12900	 1428 
	12960	 1428 
	13020	 1428 
	13080	 1431 
	13140	 1431 
	13200	 1428 
	13260	 1431 
	13320	 1431 
	13380	 1431 
	13440	 1431 
	13500	 1428 
	13560	 1431 
	13620	 1431 
	13680	 1428 
	13740	 1431 
	13800	 1428 
	13860	 1428 
	13920	 1431 
	13980	 1428 
	14040	 1428 
	14100	 1428 
	14160	 1428 
	14220	 1428 
	14280	 1428 
	14340	 1428 
	14400	 1428 
	14460	 1428 
	14520	 1428 
	14580	 1428 
	14640	 1428 
	14700	 1428 
	14760	 1428 
	14820	 1428 
	14880	 1428 
	14940	 1428 
	15000	 1428 
	15060	 1428 
	15120	 1428 
	15180	 1428 
	15240	 1428 
	15300	 1428 
	15360	 1428 
	15420	 1428 
	15480	 1428 
	15540	 1428 
	15600	 1425 
	15660	 1425 
	15720	 1428 
	15780	 1428 
	15840	 1428 
	15900	 1431 
	15960	 1434 
	16020	 1431 
	16080	 1431 
	16140	 1431 
	16200	 1431 
	16260	 1431 
	16320	 1428 
	16380	 1431 
	16440	 1428 
	16500	 1428 
	16560	 1428 
	16620	 1428 
	16680	 1428 
	16740	 1428 
	16800	 1428 
	16860	 1428 
	16920	 1428 
	16980	 1428 
	17040	 1428 
	17100	 1428 
	17160	 1428 
	17220	 1428 
	17280	 1428 
	17340	 1428 
	17400	 1428 
	17460	 1428 
	17520	 1428 
	17580	 1428 
	17640	 1428 
	17700	 1428 
	17760	 1428 
	17820	 1428 
	17880	 1428 
	17940	 1428 
	18000	 1428 
	18060	 1428 
	18120	 1425 
	18180	 1428 
	18240	 1428 
	18300	 1425 
	18360	 1425 
	18420	 1425 
	18480	 1425 
	18540	 1428 
	18600	 1425 
	18660	 1428 
	18720	 1428 
	18780	 1428 
	18840	 1428 
	18900	 1428 
	18960	 1428 
	19020	 1428 
	19080	 1428 
	19140	 1428 
	19200	 1428 
	19260	 1428 
	19320	 1428 
	19380	 1428 
	19440	 1428 
	19500	 1428 
	19560	 1428 
	19620	 1428 
	19680	 1428 
	19740	 1428 
	19800	 1425 
	19860	 1428 
	19920	 1428 
	19980	 1428 
	20040	 1428 
	20100	 1428 
	20160	 1428 
	20220	 1428 
	20280	 1428 
	20340	 1428 
	20400	 1428 
	20460	 1428 
	20520	 1428 
	20580	 1428 
	20640	 1428 
	20700	 1428 
	20760	 1428 
	20820	 1428 
	20880	 1428 
	20940	 1428 
	21000	 1428 
	21060	 1428 
	21120	 1428 
	21180	 1425 
	21240	 1428 
	21300	 1428 
	21360	 1428 
	21420	 1428 
	21480	 1428 
	21540	 1428 
	21600	 1428 
	21660	 1428 
	21720	 1428 
	21780	 1428 
	21840	 1428 
	21900	 1428 
	21960	 1428 
	22020	 1428 
	22080	 1428 
	22140	 1428 
	22200	 1428 
	22260	 1428 
	22320	 1428 
	22380	 1428 
	22440	 1428 
	22500	 1428 
	22560	 1428 
	22620	 1428 
	22680	 1428 
	22740	 1428 
	22800	 1428 
	22860	 1428 
	22920	 1428 
	22980	 1428 
	23040	 1428 
	23100	 1428 
	23160	 1428 
	23220	 1428 
	23280	 1425 
	23340	 1428 
	23400	 1425 
	23460	 1425 
	23520	 1428 
	23580	 1428 
	23640	 1428 
	23700	 1425 
	23760	 1428 
	23820	 1428 
	23880	 1428 
	23940	 1425 
	24000	 1428 
	24060	 1428 
	24120	 1428 
	24180	 1428 
	24240	 1428 
	24300	 1428 
	24360	 1428 
	24420	 1428 
	24480	 1428 
	24540	 1428 
	24600	 1428 
	24660	 1428 
	24720	 1428 
	24780	 1428 
	24840	 1428 
	24900	 1428 
	24960	 1428 
	25020	 1428 
	25080	 1428 
	25140	 1428 
	25200	 1428 
	25260	 1428 
	25320	 1428 
	25380	 1428 
	25440	 1428 
	25500	 1428 
	25560	 1428 
	25620	 1428 
	25680	 1428 
	25740	 1428 
	25800	 1428 
	25860	 1428 
	25920	 1431 
	25980	 1431 
	26040	 1431 
	26100	 1431 
	26160	 1428 
	26220	 1428 
	26280	 1434 
	26340	 1436 
	26400	 1434 
	26460	 1428 
	26520	 1422 
	26580	 1410 
	26640	 1404 
	26700	 1392 
	26760	 1369 
	26820	 1351 
	26880	 1340 
	26940	 1337 
	27000	 1346 
	27060	 1354 
	27120	 1357 
	27180	 1366 
	27240	 1369 
	27300	 1378 
	27360	 1384 
	27420	 1390 
	27480	 1392 
	27540	 1395 
	27600	 1398 
	27660	 1398 
	27720	 1398 
	27780	 1401 
	27840	 1404 
	27900	 1407 
	27960	 1410 
	28020	 1413 
	28080	 1413 
	28140	 1413 
	28200	 1413 
	28260	 1413 
	28320	 1413 
	28380	 1413 
	28440	 1419 
	28500	 1422 
	28560	 1425 
	28620	 1425 
	28680	 1425 
	28740	 1428 
	28800	 1431 
	28860	 1431 
	28920	 1431 
	28980	 1428 
	29040	 1428 
	29100	 1425 
	29160	 1425 
	29220	 1425 
	29280	 1425 
	29340	 1425 
	29400	 1425 
	29460	 1425 
	29520	 1428 
	29580	 1428 
	29640	 1428 
	29700	 1428 
	29760	 1431 
	29820	 1428 
	29880	 1431 
	29940	 1431 
	30000	 1431 
	30060	 1431 
	30120	 1431 
	30180	 1431 
	30240	 1434 
	30300	 1434 
	30360	 1434 
	30420	 1434 
	30480	 1434 
	30540	 1434 
	30600	 1434 
	30660	 1436 
	30720	 1434 
	30780	 1439 
	30840	 1442 
	30900	 1442 
	30960	 1445 
	31020	 1445 
	31080	 1448 
	31140	 1451 
	31200	 1457 
	31260	 1463 
	31320	 1463 
	31380	 1469 
	31440	 1472 
	31500	 1472 
	31560	 1469 
	31620	 1466 
	31680	 1463 
	31740	 1463 
	31800	 1463 
	31860	 1460 
	31920	 1463 
	31980	 1463 
	32040	 1463 
	32100	 1463 
	32160	 1466 
	32220	 1463 
	32280	 1463 
	32340	 1460 
	32400	 1457 
	32460	 1457 
	32520	 1457 
	32580	 1457 
	32640	 1451 
	32700	 1451 
	32760	 1451 
	32820	 1448 
	32880	 1448 
	32940	 1445 
	33000	 1445 
	33060	 1445 
	33120	 1445 
	33180	 1442 
	33240	 1442 
	33300	 1445 
	33360	 1442 
	33420	 1442 
	33480	 1442 
	33540	 1439 
	33600	 1439 
	33660	 1439 
	33720	 1436 
	33780	 1436 
	33840	 1436 
	33900	 1436 
	33960	 1434 
	34020	 1434 
	34080	 1434 
	34140	 1434 
	34200	 1434 
	34260	 1431 
	34320	 1431 
	34380	 1431 
	34440	 1431 
	34500	 1431 
	34560	 1431 
	34620	 1431 
	34680	 1431 
	34740	 1428 
	34800	 1428 
	34860	 1431 
	34920	 1431 
	34980	 1431 
	35040	 1428 
	35100	 1428 
	35160	 1428 
	35220	 1428 
	35280	 1428 
	35340	 1428 
	35400	 1428 
	35460	 1428 
	35520	 1428 
	35580	 1428 
	35640	 1428 
	35700	 1428 
	35760	 1428 
	35820	 1428 
	35880	 1428 
	35940	 1428 
	36000	 1428 
	36060	 1428 
	36120	 1428 
	36180	 1428 
	36240	 1428 
	36300	 1428 
	36360	 1428 
	36420	 1428 
	36480	 1428 
	36540	 1428 
	36600	 1428 
	36660	 1428 
	36720	 1428 
	36780	 1425 
	36840	 1428 
	36900	 1428 
	36960	 1425 
	37020	 1428 
	37080	 1425 
	37140	 1428 
	37200	 1425 
	37260	 1428 
	37320	 1428 
	37380	 1428 
	37440	 1428 
	37500	 1428 
	37560	 1428 
	37620	 1428 
	37680	 1428 
	37740	 1428 
	37800	 1428 
	37860	 1428 
	37920	 1428 
	37980	 1428 
	38040	 1428 
	38100	 1428 
	38160	 1428 
	38220	 1428 
	38280	 1428 
	38340	 1425 
	38400	 1428 
	38460	 1428 
	38520	 1428 
	38580	 1428 
	38640	 1428 
	38700	 1428 
	38760	 1425 
	38820	 1425 
	38880	 1425 
	38940	 1425 
	39000	 1425 
	39060	 1425 
	39120	 1425 
	39180	 1425 
	39240	 1425 
	39300	 1425 
	39360	 1425 
	39420	 1425 
	39480	 1425 
	39540	 1425 
	39600	 1425 
	39660	 1428 
	39720	 1428 
	39780	 1428 
	39840	 1428 
	39900	 1428 
	39960	 1428 
	40020	 1428 
	40080	 1428 
	40140	 1428 
	40200	 1428 
	40260	 1428 
	40320	 1428 
	40380	 1428 
	40440	 1428 
	40500	 1428 
	40560	 1428 
	40620	 1428 
	40680	 1428 
	40740	 1428 
	40800	 1428 
	40860	 1428 
	40920	 1428 
	40980	 1428 
	41040	 1428 
	41100	 1428 
	41160	 1428 
	41220	 1428 
	41280	 1428 
	41340	 1428 
	41400	 1428 
	41460	 1428 
	41520	 1428 
	41580	 1428 
	41640	 1428 
	41700	 1428 
	41760	 1428 
	41820	 1428 
	41880	 1428 
	41940	 1428 
	42000	 1428 
	42060	 1428 
	42120	 1428 
	42180	 1428 
	42240	 1428 
	42300	 1428 
	42360	 1428 
	42420	 1428 
	42480	 1428 
	42540	 1428 
	42600	 1428 
	42660	 1428 
	42720	 1428 
	42780	 1428 
	42840	 1428 
	42900	 1428 
	42960	 1428 
	43020	 1428 
	43080	 1428 
	43140	 1428 
	43200	 1428 
	43260	 1428 
	43320	 1428 
	43380	 1428 
	43440	 1428 
	43500	 1428 
	43560	 1428 
	43620	 1428 
	43680	 1428 
	43740	 1428 
	43800	 1428 
	43860	 1428 
	43920	 1428 
	43980	 1428 
	44040	 1425 
	44100	 1425 
	44160	 1425 
	44220	 1425 
	44280	 1425 
	44340	 1425 
	44400	 1428 
	44460	 1428 
	44520	 1428 
	44580	 1428 
	44640	 1428 
	44700	 1428 
	44760	 1425 
	44820	 1428 
	44880	 1425 
	44940	 1425 
	45000	 1425 
	45060	 1425 
	45120	 1425 
	45180	 1425 
	45240	 1425 
	45300	 1425 
	45360	 1425 
	45420	 1425 
	45480	 1425 
	45540	 1425 
	45600	 1425 
	45660	 1425 
	45720	 1428 
	45780	 1428 
	45840	 1428 
	45900	 1428 
	45960	 1428 
	46020	 1425 
	46080	 1425 
	46140	 1425 
	46200	 1422 
	46260	 1422 
	46320	 1425 
	46380	 1425 
	46440	 1425 
	46500	 1425 
	46560	 1425 
	46620	 1428 
	46680	 1428 
	46740	 1428 
	46800	 1428 
	46860	 1428 
	46920	 1428 
	46980	 1428 
	47040	 1428 
	47100	 1428 
	47160	 1428 
	47220	 1425 
	47280	 1425 
	47340	 1425 
	47400	 1425 
	47460	 1425 
	47520	 1425 
	47580	 1425 
	47640	 1425 
	47700	 1425 
	47760	 1425 
	47820	 1425 
	47880	 1428 
	47940	 1428 
	48000	 1425 
	48060	 1425 
	48120	 1425 
	48180	 1425 
	48240	 1425 
	48300	 1425 
	48360	 1425 
	48420	 1425 
	48480	 1428 
	48540	 1428 
	48600	 1428 
	48660	 1428 
	48720	 1428 
	48780	 1428 
	48840	 1428 
	48900	 1428 
	48960	 1428 
	49020	 1428 
	49080	 1428 
	49140	 1428 
	49200	 1428 
	49260	 1428 
	49320	 1428 
	49380	 1428 
	49440	 1428 
	49500	 1428 
	49560	 1428 
	49620	 1428 
	49680	 1428 
	49740	 1428 
	49800	 1428 
	49860	 1428 
	49920	 1425 
	49980	 1425 
	50040	 1425 
	50100	 1428 
	50160	 1428 
	50220	 1428 
	50280	 1428 
	50340	 1431 
	50400	 1431 
	50460	 1428 
	50520	 1428 
	50580	 1428 
	50640	 1428 
	50700	 1428 
	50760	 1428 
	50820	 1428 
	50880	 1428 
	50940	 1425 
	51000	 1425 
	51060	 1425 
	51120	 1425 
	51180	 1425 
	51240	 1425 
	51300	 1425 
	51360	 1425 
	51420	 1425 
	51480	 1425 
	51540	 1425 
	51600	 1422 
	51660	 1422 
	51720	 1425 
	51780	 1428 
	51840	 1428 
	51900	 1431 
	51960	 1431 
	52020	 1431 
	52080	 1428 
	52140	 1428 
	52200	 1428 
	52260	 1428 
	52320	 1428 
	52380	 1428 
	52440	 1428 
	52500	 1428 
	52560	 1428 
	52620	 1428 
	52680	 1428 
	52740	 1428 
	52800	 1428 
	52860	 1425 
	52920	 1439 
	52980	 1439 
	53040	 1436 
	53100	 1439 
	53160	 1442 
	53220	 1439 
	53280	 1436 
	53340	 1431 
	53400	 1431 
	53460	 1428 
	53520	 1428 
	53580	 1428 
	53640	 1428 
	53700	 1425 
	53760	 1425 
	53820	 1425 
	53880	 1425 
	53940	 1425 
	54000	 1425 
	54060	 1425 
	54120	 1425 
	54180	 1422 
	54240	 1422 
	54300	 1422 
	54360	 1422 
	54420	 1425 
	54480	 1425 
	54540	 1425 
	54600	 1422 
	54660	 1422 
	54720	 1422 
	54780	 1425 
	54840	 1425 
	54900	 1425 
	54960	 1425 
	55020	 1428 
	55080	 1428 
	55140	 1428 
	55200	 1425 
	55260	 1425 
	55320	 1425 
	55380	 1425 
	55440	 1425 
	55500	 1428 
	55560	 1428 
	55620	 1428 
	55680	 1428 
	55740	 1425 
	55800	 1428 
	55860	 1428 
	55920	 1428 
	55980	 1428 
	56040	 1428 
	56100	 1428 
	56160	 1428 
	56220	 1428 
	56280	 1428 
	56340	 1428 
	56400	 1428 
	56460	 1428 
	56520	 1428 
	56580	 1428 
	56640	 1428 
	56700	 1428 
	56760	 1428 
	56820	 1428 
	56880	 1425 
	56940	 1425 
	57000	 1425 
	57060	 1425 
	57120	 1425 
	57180	 1425 
	57240	 1425 
	57300	 1425 
	57360	 1428 
	57420	 1428 
	57480	 1428 
	57540	 1428 
	57600	 1428 
	57660	 1428 
	57720	 1428 
	57780	 1431 
	57840	 1431 
	57900	 1428 
	57960	 1428 
	58020	 1428 
	58080	 1428 
	58140	 1428 
	58200	 1428 
	58260	 1428 
	58320	 1428 
	58380	 1428 
	58440	 1425 
	58500	 1428 
	58560	 1428 
	58620	 1428 
	58680	 1428 
	58740	 1428 
	58800	 1428 
	58860	 1428 
	58920	 1428 
	58980	 1428 
	59040	 1428 
	59100	 1428 
	59160	 1428 
	59220	 1428 
	59280	 1428 
	59340	 1428 
	59400	 1425 
	59460	 1425 
	59520	 1428 
	59580	 1425 
	59640	 1425 
	59700	 1428 
	59760	 1428 
	59820	 1425 
	59880	 1425 
	59940	 1425 
