	0	 1360 
	60	 1343 
	120	 1331 
	180	 1322 
	240	 1313 
	300	 1307 
	360	 1299 
	420	 1290 
	480	 1284 
	540	 1281 
	600	 1278 
	660	 1272 
	720	 1272 
	780	 1266 
	840	 1263 
	900	 1260 
	960	 1258 
	1020	 1258 
	1080	 1255 
	1140	 1252 
	1200	 1249 
	1260	 1246 
	1320	 1246 
	1380	 1240 
	1440	 1234 
	1500	 1231 
	1560	 1225 
	1620	 1222 
	1680	 1219 
	1740	 1217 
	1800	 1214 
	1860	 1208 
	1920	 1205 
	1980	 1202 
	2040	 1199 
	2100	 1196 
	2160	 1193 
	2220	 1190 
	2280	 1187 
	2340	 1184 
	2400	 1181 
	2460	 1178 
	2520	 1175 
	2580	 1173 
	2640	 1173 
	2700	 1167 
	2760	 1164 
	2820	 1161 
	2880	 1158 
	2940	 1155 
	3000	 1149 
	3060	 1146 
	3120	 1143 
	3180	 1140 
	3240	 1137 
	3300	 1134 
	3360	 1131 
	3420	 1131 
	3480	 1129 
	3540	 1129 
	3600	 1126 
	3660	 1126 
	3720	 1123 
	3780	 1123 
	3840	 1123 
	3900	 1123 
	3960	 1120 
	4020	 1117 
	4080	 1117 
	4140	 1114 
	4200	 1114 
	4260	 1111 
	4320	 1111 
	4380	 1111 
	4440	 1108 
	4500	 1105 
	4560	 1105 
	4620	 1105 
	4680	 1105 
	4740	 1102 
	4800	 1102 
	4860	 1102 
	4920	 1099 
	4980	 1099 
	5040	 1099 
	5100	 1099 
	5160	 1099 
	5220	 1099 
	5280	 1099 
	5340	 1096 
	5400	 1096 
	5460	 1096 
	5520	 1093 
	5580	 1096 
	5640	 1093 
	5700	 1093 
	5760	 1093 
	5820	 1093 
	5880	 1090 
	5940	 1090 
	6000	 1090 
	6060	 1090 
	6120	 1090 
	6180	 1090 
	6240	 1090 
	6300	 1090 
	6360	 1090 
	6420	 1090 
	6480	 1087 
	6540	 1087 
	6600	 1087 
	6660	 1087 
	6720	 1087 
	6780	 1087 
	6840	 1087 
	6900	 1087 
	6960	 1085 
	7020	 1087 
	7080	 1087 
	7140	 1087 
	7200	 1085 
	7260	 1087 
	7320	 1087 
	7380	 1087 
	7440	 1087 
	7500	 1087 
	7560	 1087 
	7620	 1087 
	7680	 1087 
	7740	 1087 
	7800	 1087 
	7860	 1087 
	7920	 1087 
	7980	 1085 
	8040	 1087 
	8100	 1087 
	8160	 1087 
	8220	 1087 
	8280	 1085 
	8340	 1085 
	8400	 1085 
	8460	 1085 
	8520	 1085 
	8580	 1085 
	8640	 1085 
	8700	 1087 
	8760	 1090 
	8820	 1087 
	8880	 1085 
	8940	 1085 
	9000	 1082 
	9060	 1085 
	9120	 1082 
	9180	 1085 
	9240	 1082 
	9300	 1085 
	9360	 1085 
	9420	 1082 
	9480	 1085 
	9540	 1085 
	9600	 1085 
	9660	 1082 
	9720	 1082 
	9780	 1085 
	9840	 1082 
	9900	 1082 
	9960	 1082 
	10020	 1085 
	10080	 1082 
	10140	 1082 
	10200	 1079 
	10260	 1082 
	10320	 1082 
	10380	 1082 
	10440	 1082 
	10500	 1082 
	10560	 1082 
	10620	 1082 
	10680	 1082 
	10740	 1082 
	10800	 1082 
	10860	 1082 
	10920	 1079 
	10980	 1082 
	11040	 1082 
	11100	 1082 
	11160	 1079 
	11220	 1082 
	11280	 1082 
	11340	 1082 
	11400	 1082 
	11460	 1082 
	11520	 1082 
	11580	 1085 
	11640	 1082 
	11700	 1085 
	11760	 1085 
	11820	 1082 
	11880	 1082 
	11940	 1085 
	12000	 1082 
	12060	 1085 
	12120	 1082 
	12180	 1082 
	12240	 1082 
	12300	 1082 
	12360	 1082 
	12420	 1082 
	12480	 1082 
	12540	 1082 
	12600	 1082 
	12660	 1082 
	12720	 1082 
	12780	 1082 
	12840	 1082 
	12900	 1082 
	12960	 1082 
	13020	 1082 
	13080	 1082 
	13140	 1082 
	13200	 1082 
	13260	 1085 
	13320	 1085 
	13380	 1085 
	13440	 1082 
	13500	 1082 
	13560	 1082 
	13620	 1082 
	13680	 1085 
	13740	 1085 
	13800	 1085 
	13860	 1085 
	13920	 1082 
	13980	 1085 
	14040	 1082 
	14100	 1082 
	14160	 1085 
	14220	 1085 
	14280	 1085 
	14340	 1082 
	14400	 1082 
	14460	 1082 
	14520	 1079 
	14580	 1079 
	14640	 1082 
	14700	 1082 
	14760	 1082 
	14820	 1082 
	14880	 1082 
	14940	 1082 
	15000	 1082 
	15060	 1082 
	15120	 1082 
	15180	 1082 
	15240	 1082 
	15300	 1082 
	15360	 1082 
	15420	 1082 
	15480	 1082 
	15540	 1082 
	15600	 1082 
	15660	 1082 
	15720	 1082 
	15780	 1087 
	15840	 1087 
	15900	 1087 
	15960	 1085 
	16020	 1085 
	16080	 1085 
	16140	 1085 
	16200	 1085 
	16260	 1082 
	16320	 1085 
	16380	 1085 
	16440	 1085 
	16500	 1085 
	16560	 1085 
	16620	 1082 
	16680	 1085 
	16740	 1082 
	16800	 1082 
	16860	 1082 
	16920	 1082 
	16980	 1082 
	17040	 1082 
	17100	 1082 
	17160	 1082 
	17220	 1082 
	17280	 1079 
	17340	 1082 
	17400	 1082 
	17460	 1082 
	17520	 1079 
	17580	 1082 
	17640	 1082 
	17700	 1082 
	17760	 1082 
	17820	 1082 
	17880	 1082 
	17940	 1079 
	18000	 1082 
	18060	 1079 
	18120	 1079 
	18180	 1079 
	18240	 1079 
	18300	 1079 
	18360	 1079 
	18420	 1079 
	18480	 1079 
	18540	 1079 
	18600	 1079 
	18660	 1079 
	18720	 1082 
	18780	 1082 
	18840	 1085 
	18900	 1085 
	18960	 1082 
	19020	 1082 
	19080	 1082 
	19140	 1082 
	19200	 1085 
	19260	 1082 
	19320	 1082 
	19380	 1085 
	19440	 1082 
	19500	 1082 
	19560	 1082 
	19620	 1082 
	19680	 1079 
	19740	 1079 
	19800	 1079 
	19860	 1079 
	19920	 1079 
	19980	 1079 
	20040	 1079 
	20100	 1079 
	20160	 1079 
	20220	 1079 
	20280	 1079 
	20340	 1079 
	20400	 1079 
	20460	 1079 
	20520	 1079 
	20580	 1079 
	20640	 1079 
	20700	 1079 
	20760	 1079 
	20820	 1079 
	20880	 1079 
	20940	 1079 
	21000	 1079 
	21060	 1079 
	21120	 1079 
	21180	 1079 
	21240	 1079 
	21300	 1079 
	21360	 1079 
	21420	 1079 
	21480	 1079 
	21540	 1079 
	21600	 1079 
	21660	 1079 
	21720	 1079 
	21780	 1079 
	21840	 1076 
	21900	 1076 
	21960	 1076 
	22020	 1076 
	22080	 1076 
	22140	 1076 
	22200	 1079 
	22260	 1079 
	22320	 1076 
	22380	 1079 
	22440	 1079 
	22500	 1079 
	22560	 1079 
	22620	 1079 
	22680	 1079 
	22740	 1079 
	22800	 1079 
	22860	 1082 
	22920	 1082 
	22980	 1082 
	23040	 1082 
	23100	 1082 
	23160	 1082 
	23220	 1082 
	23280	 1082 
	23340	 1082 
	23400	 1082 
	23460	 1082 
	23520	 1079 
	23580	 1082 
	23640	 1082 
	23700	 1082 
	23760	 1082 
	23820	 1082 
	23880	 1079 
	23940	 1082 
	24000	 1082 
	24060	 1082 
	24120	 1082 
	24180	 1082 
	24240	 1082 
	24300	 1079 
	24360	 1082 
	24420	 1082 
	24480	 1079 
	24540	 1082 
	24600	 1082 
	24660	 1082 
	24720	 1082 
	24780	 1082 
	24840	 1082 
	24900	 1082 
	24960	 1082 
	25020	 1082 
	25080	 1082 
	25140	 1082 
	25200	 1082 
	25260	 1085 
	25320	 1085 
	25380	 1082 
	25440	 1085 
	25500	 1085 
	25560	 1082 
	25620	 1085 
	25680	 1082 
	25740	 1082 
	25800	 1082 
	25860	 1082 
	25920	 1082 
	25980	 1082 
	26040	 1082 
	26100	 1082 
	26160	 1082 
	26220	 1082 
	26280	 1082 
	26340	 1079 
	26400	 1079 
	26460	 1082 
	26520	 1082 
	26580	 1085 
	26640	 1085 
	26700	 1082 
	26760	 1082 
	26820	 1082 
	26880	 1082 
	26940	 1082 
	27000	 1082 
	27060	 1082 
	27120	 1082 
	27180	 1082 
	27240	 1082 
	27300	 1082 
	27360	 1082 
	27420	 1087 
	27480	 1096 
	27540	 1096 
	27600	 1096 
	27660	 1093 
	27720	 1090 
	27780	 1090 
	27840	 1090 
	27900	 1087 
	27960	 1087 
	28020	 1087 
	28080	 1085 
	28140	 1085 
	28200	 1082 
	28260	 1082 
	28320	 1082 
	28380	 1079 
	28440	 1079 
	28500	 1079 
	28560	 1079 
	28620	 1079 
	28680	 1079 
	28740	 1079 
	28800	 1076 
	28860	 1076 
	28920	 1076 
	28980	 1076 
	29040	 1076 
	29100	 1076 
	29160	 1076 
	29220	 1076 
	29280	 1076 
	29340	 1076 
	29400	 1076 
	29460	 1076 
	29520	 1076 
	29580	 1076 
	29640	 1076 
	29700	 1073 
	29760	 1070 
	29820	 1067 
	29880	 1067 
	29940	 1070 
	30000	 1067 
	30060	 1070 
	30120	 1070 
	30180	 1073 
	30240	 1070 
	30300	 1070 
	30360	 1073 
	30420	 1076 
	30480	 1073 
	30540	 1073 
	30600	 1073 
	30660	 1073 
	30720	 1073 
	30780	 1076 
	30840	 1076 
	30900	 1076 
	30960	 1076 
	31020	 1079 
	31080	 1079 
	31140	 1079 
	31200	 1079 
	31260	 1076 
	31320	 1073 
	31380	 1073 
	31440	 1067 
	31500	 1067 
	31560	 1070 
	31620	 1070 
	31680	 1070 
	31740	 1070 
	31800	 1070 
	31860	 1070 
	31920	 1073 
	31980	 1073 
	32040	 1076 
	32100	 1076 
	32160	 1076 
	32220	 1076 
	32280	 1076 
	32340	 1076 
	32400	 1079 
	32460	 1076 
	32520	 1076 
	32580	 1076 
	32640	 1076 
	32700	 1079 
	32760	 1079 
	32820	 1079 
	32880	 1082 
	32940	 1082 
	33000	 1082 
	33060	 1082 
	33120	 1082 
	33180	 1082 
	33240	 1085 
	33300	 1085 
	33360	 1085 
	33420	 1082 
	33480	 1082 
	33540	 1079 
	33600	 1082 
	33660	 1085 
	33720	 1085 
	33780	 1085 
	33840	 1079 
	33900	 1079 
	33960	 1076 
	34020	 1076 
	34080	 1076 
	34140	 1076 
	34200	 1079 
	34260	 1082 
	34320	 1076 
	34380	 1076 
	34440	 1076 
	34500	 1073 
	34560	 1067 
	34620	 1058 
	34680	 1049 
	34740	 1049 
	34800	 1043 
	34860	 1041 
	34920	 1032 
	34980	 1026 
	35040	 1026 
	35100	 1035 
	35160	 1061 
	35220	 1111 
	35280	 1090 
	35340	 1090 
	35400	 1087 
	35460	 1087 
	35520	 1082 
	35580	 1082 
	35640	 1082 
	35700	 1073 
	35760	 1061 
	35820	 1058 
	35880	 1058 
	35940	 1049 
	36000	 1052 
	36060	 1049 
	36120	 1035 
	36180	 1011 
	36240	 997 
	36300	 991 
	36360	 929 
	36420	 935 
	36480	 967 
	36540	 929 
	36600	 826 
	36660	 548 
	36720	 486 
	36780	 372 
	36840	 475 
	36900	 551 
	36960	 492 
	37020	 310 
	37080	 0 
	37140	 272 
	37200	 762 
	37260	 1164 
	37320	 1252 
	37380	 1211 
	37440	 1049 
	37500	 785 
	37560	 771 
	37620	 489 
	37680	 307 
	37740	 448 
	37800	 879 
	37860	 1671 
	37920	 1859 
	37980	 2222 
	38040	 2340 
	38100	 2120 
	38160	 2190 
	38220	 2196 
	38280	 2249 
	38340	 2428 
	38400	 2413 
	38460	 1706 
	38520	 1621 
	38580	 1583 
	38640	 1516 
	38700	 1475 
	38760	 1454 
	38820	 1463 
	38880	 1460 
	38940	 1592 
	39000	 1510 
	39060	 1571 
	39120	 1607 
	39180	 1595 
	39240	 1601 
	39300	 1609 
	39360	 1604 
	39420	 1595 
	39480	 1592 
	39540	 1592 
	39600	 1580 
	39660	 1568 
	39720	 1574 
	39780	 1557 
	39840	 1519 
	39900	 1504 
	39960	 1495 
	40020	 1489 
	40080	 1480 
	40140	 1460 
	40200	 1436 
	40260	 1416 
	40320	 1398 
	40380	 1384 
	40440	 1369 
	40500	 1357 
	40560	 1346 
	40620	 1334 
	40680	 1325 
	40740	 1313 
	40800	 1304 
	40860	 1293 
	40920	 1287 
	40980	 1275 
	41040	 1266 
	41100	 1258 
	41160	 1246 
	41220	 1237 
	41280	 1228 
	41340	 1222 
	41400	 1214 
	41460	 1205 
	41520	 1196 
	41580	 1190 
	41640	 1181 
	41700	 1175 
	41760	 1173 
	41820	 1167 
	41880	 1158 
	41940	 1152 
	42000	 1146 
	42060	 1140 
	42120	 1134 
	42180	 1129 
	42240	 1126 
	42300	 1123 
	42360	 1117 
	42420	 1111 
	42480	 1108 
	42540	 1105 
	42600	 1102 
	42660	 1099 
	42720	 1096 
	42780	 1090 
	42840	 1087 
	42900	 1085 
	42960	 1082 
	43020	 1079 
	43080	 1076 
	43140	 1073 
	43200	 1070 
	43260	 1067 
	43320	 1067 
	43380	 1064 
	43440	 1061 
	43500	 1061 
	43560	 1058 
	43620	 1055 
	43680	 1055 
	43740	 1052 
	43800	 1052 
	43860	 1049 
	43920	 1046 
	43980	 1046 
	44040	 1046 
	44100	 1049 
	44160	 1046 
	44220	 1046 
	44280	 1046 
	44340	 1043 
	44400	 1041 
	44460	 1041 
	44520	 1041 
	44580	 1038 
	44640	 1035 
	44700	 1035 
	44760	 1035 
	44820	 1035 
	44880	 1035 
	44940	 1032 
	45000	 1032 
	45060	 1032 
	45120	 1029 
	45180	 1029 
	45240	 1029 
	45300	 1029 
	45360	 1026 
	45420	 1029 
	45480	 1026 
	45540	 1029 
	45600	 1029 
	45660	 1029 
	45720	 1029 
	45780	 1029 
	45840	 1026 
	45900	 1029 
	45960	 1029 
	46020	 1029 
	46080	 1026 
	46140	 1026 
	46200	 1026 
	46260	 1029 
	46320	 1026 
	46380	 1029 
	46440	 1026 
	46500	 1026 
	46560	 1026 
	46620	 1026 
	46680	 1026 
	46740	 1029 
	46800	 1026 
	46860	 1026 
	46920	 1026 
	46980	 1026 
	47040	 1026 
	47100	 1026 
	47160	 1026 
	47220	 1026 
	47280	 1026 
	47340	 1026 
	47400	 1026 
	47460	 1026 
	47520	 1029 
	47580	 1029 
	47640	 1032 
	47700	 1032 
	47760	 1029 
	47820	 1032 
	47880	 1032 
	47940	 1032 
	48000	 1035 
	48060	 1038 
	48120	 1038 
	48180	 1038 
	48240	 1035 
	48300	 1038 
	48360	 1041 
	48420	 1038 
	48480	 1038 
	48540	 1035 
	48600	 1038 
	48660	 1038 
	48720	 1038 
	48780	 1035 
	48840	 1035 
	48900	 1035 
	48960	 1038 
	49020	 1035 
	49080	 1038 
	49140	 1038 
	49200	 1035 
	49260	 1038 
	49320	 1038 
	49380	 1038 
	49440	 1041 
	49500	 1035 
	49560	 1038 
	49620	 1038 
	49680	 1038 
	49740	 1038 
	49800	 1038 
	49860	 1038 
	49920	 1038 
	49980	 1038 
	50040	 1038 
	50100	 1038 
	50160	 1041 
	50220	 1038 
	50280	 1038 
	50340	 1041 
	50400	 1038 
	50460	 1041 
	50520	 1043 
	50580	 1041 
	50640	 1041 
	50700	 1041 
	50760	 1041 
	50820	 1041 
	50880	 1041 
	50940	 1041 
	51000	 1043 
	51060	 1043 
	51120	 1041 
	51180	 1041 
	51240	 1041 
	51300	 1043 
	51360	 1043 
	51420	 1041 
	51480	 1041 
	51540	 1043 
	51600	 1041 
	51660	 1043 
	51720	 1043 
	51780	 1043 
	51840	 1043 
	51900	 1043 
	51960	 1043 
	52020	 1043 
	52080	 1043 
	52140	 1043 
	52200	 1043 
	52260	 1046 
	52320	 1043 
	52380	 1043 
	52440	 1046 
	52500	 1046 
	52560	 1046 
	52620	 1043 
	52680	 1046 
	52740	 1046 
	52800	 1046 
	52860	 1049 
	52920	 1046 
	52980	 1046 
	53040	 1049 
	53100	 1049 
	53160	 1049 
	53220	 1049 
	53280	 1052 
	53340	 1049 
	53400	 1052 
	53460	 1049 
	53520	 1052 
	53580	 1052 
	53640	 1049 
	53700	 1049 
	53760	 1049 
	53820	 1049 
	53880	 1052 
	53940	 1052 
	54000	 1052 
	54060	 1049 
	54120	 1049 
	54180	 1049 
	54240	 1052 
	54300	 1052 
	54360	 1052 
	54420	 1052 
	54480	 1052 
	54540	 1052 
	54600	 1052 
	54660	 1052 
	54720	 1052 
	54780	 1052 
	54840	 1052 
	54900	 1052 
	54960	 1052 
	55020	 1055 
	55080	 1055 
	55140	 1055 
	55200	 1055 
	55260	 1055 
	55320	 1055 
	55380	 1055 
	55440	 1038 
	55500	 1026 
	55560	 1085 
	55620	 1134 
	55680	 1155 
	55740	 1155 
	55800	 1134 
	55860	 1120 
	55920	 1129 
	55980	 1131 
	56040	 1129 
	56100	 1123 
	56160	 1117 
	56220	 1114 
	56280	 1129 
	56340	 1158 
	56400	 1181 
	56460	 1190 
	56520	 1184 
	56580	 1175 
	56640	 1170 
	56700	 1170 
	56760	 1167 
	56820	 1152 
	56880	 1146 
	56940	 1143 
	57000	 1149 
	57060	 1152 
	57120	 1155 
	57180	 1155 
	57240	 1155 
	57300	 1158 
	57360	 1155 
	57420	 1146 
	57480	 1134 
	57540	 1120 
	57600	 1105 
	57660	 1111 
	57720	 1108 
	57780	 1111 
	57840	 1108 
	57900	 1111 
	57960	 1114 
	58020	 1111 
	58080	 1108 
	58140	 1105 
	58200	 1102 
	58260	 1105 
	58320	 1108 
	58380	 1105 
	58440	 1102 
	58500	 1099 
	58560	 1096 
	58620	 1087 
	58680	 1087 
	58740	 1082 
	58800	 1082 
	58860	 1073 
	58920	 1049 
	58980	 1020 
	59040	 1005 
	59100	 1002 
	59160	 1008 
	59220	 1014 
	59280	 1020 
	59340	 1023 
	59400	 1029 
	59460	 1002 
	59520	 1011 
	59580	 1011 
	59640	 1014 
	59700	 1020 
	59760	 1023 
	59820	 1026 
	59880	 1029 
	59940	 1032 
